000202 
8434087471125        1
8434087499624        1
8434087513795        1
8434087688653        1
8434087691288        1
8434087775247        1
8434087951320        1
8434087965617        1
8434720020260        1
8434720031587        1
8434720031679        1
8434720031808        1
8434720033215        1
8434720033659        1
8434720039637        1
8434720046512        1
8434720053275        1
000302 
8434087635329        1
8434087635695        1
8434087636265        1
8434087640071        1
8434087645489        1
8434087688639        1
8434087689865        1
8434087737368        1
8434087738198        1
8434087781163        1
8434087781569        1
8434087965587        1
8434087965600        1
8434720030504        1
8434720030597        1
8434720034557        1
8434720190673        1
8434720215420        1
000401 
8434087376314        1
8434087446734        1
8434087446857        1
8434087446864        1
8434087465704        1
8434087484309        1
8434087484323        1
8434087484620        1
8434087494445        1
8434087625559        1
8434087631406        1
8434087635206        1
8434087637545        1
8434087645724        1
8434087648022        1
8434087682545        1
8434087694326        1
8434087696429        1
8434087700898        1
8434087734657        1
8434087737368        1
8434087740504        1
8434087775209        1
8434087777517        1
8434087779320        1
8434087922696        1
8434087951320        1
8434720015747        1
8434720015839        1
8434720032225        1
8434720043719        1
8434720043924        1
8434720047441        1
8434720049230        1
8434720053541        1
8434720053640        1
8434720056412        1
8434720056511        1
8434720056597        1
8434720058942        1
8434720060556        1
8434720060907        1
8434720215413        2
8434720215420        1
001001 
8434087376451        1
8434087682453        1
8434087775650        1
8434087786250        1
8434720053237        1
8434720053602        1
8434720058270        1
8434720060815        1
001002 
8434087376307        1
8434087636234        1
8434087636241        1
8434087641351        1
8434087642525        1
8434087683658        1
8434087701031        1
8434087701048        1
8434087737351        1
8434087777319        2
8434087777531        1
8434087777562        1
8434087781439        1
8434087781460        1
8434087786823        1
8434087965617        1
8434087987978        1
8434720010438        1
8434720033109        1
8434720033345        1
8434720033666        1
8434720039620        1
8434720043702        1
8434720043900        1
8434720046239        1
8434720053282        1
8434720056467        1
8434720056597        1
8434720215505        1
001101 
8434087376314        1
8434087446727        1
8434087635206        1
8434087738372        1
8434087754280        1
8434720033239        1
8434720043764        1
001105 
8434087376314        1
8434087376420        1
8434087465872        1
8434087625122        1
8434087705183        1
8434087754280        1
8434720021724        1
8434720041760        1
8434720041845        1
8434720046222        1
8434720058263        1
8434720061492        1
8434720061508        1
8434720215406        1
001108 
8434087446727        1
8434087644895        1
8434087737368        1
8434087745349        1
001201 
8434087636258        1
8434087694531        1
8434087700898        1
8434087701031        1
8434087705244        1
8434087743079        1
8434087781156        1
8434087786281        1
8434087868093        1
8434720015884        1
8434720032706        1
001802 
8434087629076        1
8434087635305        1
8434087645724        1
8434087868093        1
8434720021724        1
8434720033079        1
8434720043375        1
8434720215420        1
8434720218032        1
002802 
8434087146252        1
8434087376314        1
8434087625771        1
8434087628536        1
8434087629083        1
8434087632847        1
8434087642785        1
8434087696436        1
8434087708061        1
8434087708498        1
8434087745349        1
8434087753818        1
8434087754297        1
8434087781439        1
8434087781460        1
8434087965624        1
8434087989262        1
8434720031082        1
8434720033291        1
8434720033727        1
8434720043610        1
8434720053657        1
8434720055606        1
8434720056481        2
8434720058089        1
8434720058126        2
8434720058157        1
8434720215505        1
002804 
8434087145651        1
8434087145743        1
8434087484477        1
8434087629083        1
8434087645489        1
8434087663537        1
8434087682460        1
8434087693176        1
8434087734657        1
8434087738372        2
8434087754297        1
8434087775247        1
8434087777814        1
8434087777890        1
8434087922672        1
8434720004727        1
8434720042217        1
8434720042309        1
8434720043726        1
8434720190642        1
8434720215420        1
002903 
8434087145767        1
8434087628970        1
8434087690182        1
8434087700911        1
8434087700966        1
8434087700980        1
8434087739171        1
8434087754211        1
8434087754624        1
8434087754648        1
8434087756413        1
8434087775179        1
8434087775216        1
8434087777876        1
8434720021694        1
8434720032706        1
8434720043382        1
8434720053268        1
8434720055736        1
8434720057525        1
8434720058140        1
003001 
8434087465735        1
8434087628536        1
8434087635305        1
8434087701048        1
8434087705244        1
8434087743079        1
8434087777456        1
8434087786809        1
8434087829766        1
8434087829780        1
8434720031082        1
8434720032454        1
8434720046246        1
8434720052483        1
8434720055859        1
8434720056597        1
8434720190642        1
8434720218124        1
003003 
8434087465728        1
8434087484453        1
8434087499624        1
8434087525996        1
8434087636258        1
8434087683658        1
8434087684884        1
8434087684891        1
8434087694326        1
8434087700959        1
8434087708061        1
8434087730710        1
8434087737610        1
8434087743062        1
8434087753818        1
8434087781309        1
8434087786823        1
8434087786830        1
8434087866884        1
8434087965594        1
8434720018434        1
8434720033154        1
8434720033833        1
8434720046260        1
8434720052513        1
8434720055873        1
8434720058140        1
8434720058249        1
8434720127082        1
8434720190659        1
8434720215437        1
004001 
8434087624514        1
8434087635183        1
8434087683658        1
8434087692926        1
8434087701062        1
8434087737351        1
8434087781163        1
8434720190642        1
8434720190659        1
8434720190673        1
004103 
8434720046239        1
8434720053251        1
8434720053268        1
8434720056382        1
8434720056610        1
004104 
8434087145606        2
8434087145743        2
8434087376437        1
8434087376727        1
8434087624200        1
8434087625771        1
8434087629076        1
8434087635398        1
8434087637545        1
8434087638740        1
8434087639372        1
8434087641344        2
8434087641351        1
8434087642785        1
8434087642792        1
8434087643089        2
8434087643232        1
8434087682248        1
8434087682255        1
8434087682545        1
8434087682767        1
8434087685003        1
8434087688639        1
8434087690182        1
8434087696429        1
8434087696450        1
8434087705183        1
8434087740375        1
8434087777241        1
8434087781293        1
8434087781439        1
8434087786748        1
8434087786809        1
8434087823931        1
8434087868109        1
8434720010438        1
8434720031143        1
8434720033109        1
8434720033215        1
8434720043917        1
8434720053411        1
8434720053428        1
8434720053787        2
8434720057075        1
8434720057372        1
8434720057761        1
8434720058126        2
8434720058164        1
8434720060815        1
8434720060839        1
8434720061201        1
8434720127068        1
8434720127075        1
8434720190666        1
004107 
8434087376451        1
8434087465704        1
8434087625863        1
8434087643089        1
8434087688615        1
8434087696467        1
8434087700959        1
8434087737764        1
8434087777456        1
8434087781156        1
8434087781293        1
8434087781354        1
8434087868093        1
8434087987954        1
8434720020260        1
8434720042217        1
8434720043610        1
8434720053275        1
8434720053411        1
8434720055613        1
8434720056597        1
8434720215406        2
8434720215451        1
8434720215505        1
004601 
8434087376710        1
8434087629083        1
8434087635398        1
8434087682767        1
8434087693237        1
8434087696467        2
8434087700898        1
8434087700959        1
8434087700966        1
8434087701031        1
8434087705183        1
8434087708498        1
8434087754280        1
8434087754501        1
8434087777241        1
8434087777258        1
8434087777449        1
8434087777517        1
8434087781101        1
8434087781309        1
8434087781439        1
8434087781453        1
8434087781569        1
8434087784706        1
8434087965617        1
8434720016133        1
8434720033161        1
8434720033185        1
8434720033420        1
8434720033505        1
8434720033543        1
8434720033697        1
8434720039323        1
8434720042217        1
8434720043955        1
8434720053282        1
8434720055873        1
8434720058249        1
8434720127075        1
8434720190642        1
8434720190659        1
8434720190666        1
8434720215406        2
8434720215413        1
8434720215420        1
8434720215512        1
8434720218124        1
004602 
8434087636258        1
8434087638979        1
8434087639372        1
8434087645717        1
8434087786823        1
8434720033307        1
8434720042293        1
004701 
8434087125837        1
8434087146320        1
8434087625771        1
8434087628239        1
8434087629083        1
8434087635282        1
8434087641344        1
8434087641351        1
8434087643072        1
8434087684938        1
8434087690182        1
8434087700911        1
8434087700980        1
8434087701116        1
8434087737351        1
8434087740405        1
8434087781309        1
8434720033239        1
8434720042194        1
8434720043719        1
8434720057136        1
8434720215413        1
8434720215420        1
8434720218032        1
